1 396
2 272
3 334
4 242
5 282
6 337
7 295
8 249
9 305
10 287
11 260
12 304
13 292
14 271
15 293
16 291
17 326
18 310
19 303
20 285
21 314
22 286
23 219
24 277
25 295
26 242
27 348
28 267
29 279
30 338
31 102
32 410
33 247
34 300
35 300
36 297
37 288
38 313
39 232
40 336
41 253
42 280
43 307
44 306
45 173
46 263
47 110
48 307
49 217
50 282
51 235
52 236
53 358
54 309
55 339
56 77
57 264
58 306
59 253
60 321
61 345
62 285
63 262
64 251
65 306
66 248
67 332
68 215
69 270
70 288
71 217
72 224
73 325
74 329
75 300
76 285
77 263
78 271
79 363
80 314
81 252
82 102
83 301
84 59
85 209
86 313
87 349
88 268
89 286
90 276
91 380
92 256
93 262
94 283
95 475
96 296
97 280
98 281
99 252
100 265
101 175
102 267
103 95
104 94
105 283
